7359184        06/06/2007                         Adelina Gomez                                        8062001               750.000,00                 22500,00                 22500,00                 45000,00
9183467        06/06/2007                         Agripin Rondon                                       8062001               385.000,00                 11550,00                 11550,00                 23100,00
6881305        06/06/2007                         Aida Linares                                         8062001               378.768,50                 11363,06                 11363,06                 22726,11
7057319        06/06/2007                         Aide Torres                                          8062001               256.162,50                  7684,88                  7684,88                 15369,75
7071896        06/06/2007                         Aixa Lago                                            8062001               370.000,00                 11100,00                 11100,00                 22200,00
16448311       06/06/2007                         Alberto Mejia                                        8062001               424.169,50                 12725,08                 12725,08                 25450,17
14252632       06/06/2007                         Alexander Guevara                                    8062001               750.000,00                 22500,00                 22500,00                 45000,00
17282256       06/06/2007                         Alexander Rondon                                     8062001               325.000,00                  9750,00                  9750,00                 19500,00
11150772       06/06/2007                         Alexis Bruno                                         8062001               600.000,00                 18000,00                 18000,00                 36000,00
7124057        06/06/2007                         Alexis Quintero                                      8062001               193.987,00                  5819,61                  5819,61                 11639,22
3937251        06/06/2007                         Alfredo Del Coromoto Zapata Castro                   8062001             1.050.000,00                 31500,00                 31500,00                 63000,00
8831720        06/06/2007                         Alfredo Ruiz                                         8062001             1.050.000,00                 31500,00                 31500,00                 63000,00
12106077       06/06/2007                         Ana Angelica Escalona                                8062001               750.000,00                 22500,00                 22500,00                 45000,00
13468631       06/06/2007                         Ana G Montilla G                                     8062001               193.987,00                  5819,61                  5819,61                 11639,22
7049173        06/06/2007                         Ana Hernandez                                        8062001               750.000,00                 22500,00                 22500,00                 45000,00
7016660        06/06/2007                         Ana Julia Cerven                                     8062001               750.000,00                 22500,00                 22500,00                 45000,00
17776643       06/06/2007                         Andreina Ortiz                                       8062001               424.169,50                 12725,08                 12725,08                 25450,17
13853705       06/06/2007                         Andy Abreu                                           8062001               424.169,50                 12725,08                 12725,08                 25450,17
14252613       06/06/2007                         Andy Flores                                          8062001               356.711,50                 10701,34                 10701,34                 21402,69
13046205       06/06/2007                         Angela Chavez                                        8062001               750.000,00                 22500,00                 22500,00                 45000,00
1784541        06/06/2007                         Angel Camacho                                        8062001               407.500,00                 12225,00                 12225,00                 24450,00
13635056       06/06/2007                         Angel Feo                                            8062001               390.000,00                 11700,00                 11700,00                 23400,00
7061163        06/06/2007                         Angel Perez                                          8062001               385.000,00                 11550,00                 11550,00                 23100,00
4132335        06/06/2007                         Antonio Inaga                                        8062001               303.133,00                  9093,99                  9093,99                 18187,98
15895662       06/06/2007                         Araminta Estupiñan                                  8062001               372.500,00                 11175,00                 11175,00                 22350,00
5520984        06/06/2007                         Arelis Echenagucia                                   8062001               294.673,00                  8840,19                  8840,19                 17680,38
7025953        06/06/2007                         Argelis Bolivar                                      8062001               324.283,00                  9728,49                  9728,49                 19456,98
15745930       06/06/2007                         Argenis Aguilera                                     8062001               324.283,00                  9728,49                  9728,49                 19456,98
4467406        06/06/2007                         Argenis I Loreto  P                                  8062001             2.827.102,50                 84813,07                 84813,07                169626,15
13104734       06/06/2007                         Armando Blanco                                       8062001               430.000,00                 12900,00                 12900,00                 25800,00
10229242       06/06/2007                         Arnoldo Lopez                                        8062001               386.848,50                 11605,46                 11605,46                 23210,91
3923356        06/06/2007                         Arturo Bazan                                         8062001               272.500,00                  8175,00                  8175,00                 16350,00
11348541       06/06/2007                         Aura Ochoa                                           8062001               425.000,00                 12750,00                 12750,00                 25500,00
11273812       06/06/2007                         Ayari Lopez                                          8062001               372.500,00                 11175,00                 11175,00                 22350,00
4328134        06/06/2007                         Barbara Ocando                                       8062001               256.162,50                  7684,88                  7684,88                 15369,75
14185761       06/06/2007                         Beatriz Reyes                                        8062001               378.768,50                 11363,06                 11363,06                 22726,11
10031940       06/06/2007                         Bernalda Parada                                      8062001               275.000,00                  8250,00                  8250,00                 16500,00
7099153        06/06/2007                         Betty Z Teran de MArquez                             8062001               312.029,50                  9360,89                  9360,89                 18721,77
3577944        06/06/2007                         Carlos Diaz                                          8062001               750.000,00                 22500,00                 22500,00                 45000,00
6295542        06/06/2007                         Carlos Enrique Arenas Espinel                        8062001               332.742,00                  9982,26                  9982,26                 19964,52
8847958        06/06/2007                         Carlos Escalona                                      8062001               324.283,00                  9728,49                  9728,49                 19456,98
7127882        06/06/2007                         Carlos Martinez                                      8062001             1.050.000,00                 31500,00                 31500,00                 63000,00
5371884        06/06/2007                         Carlos Pinto                                         8062001               407.500,00                 12225,00                 12225,00                 24450,00
4858623        06/06/2007                         Carmen C Villegas M                                  8062001               312.029,50                  9360,89                  9360,89                 18721,77
10267128       06/06/2007                         Carmen Rivero                                        8062001               331.332,50                  9939,98                  9939,98                 19879,95
10225854       06/06/2007                         Carmen Romero                                        8062001               275.000,00                  8250,00                  8250,00                 16500,00
13970491       06/06/2007                         Carmen Velasquez                                     8062001               372.500,00                 11175,00                 11175,00                 22350,00
5363258        06/06/2007                         Cecilio Figueroa                                     8062001               385.000,00                 11550,00                 11550,00                 23100,00
12030339       06/06/2007                         Cesar Gonzalez C                                     8062001               386.848,50                 11605,46                 11605,46                 23210,91
18240004       06/06/2007                         Dairo Caballero                                      8062001               300.000,00                  9000,00                  9000,00                 18000,00
9449950        06/06/2007                         Damelis Barrera                                      8062001               385.000,00                 11550,00                 11550,00                 23100,00
3490476        06/06/2007                         Daniel Acosta                                        8062001               407.500,00                 12225,00                 12225,00                 24450,00
15008250       06/06/2007                         Darwin Zerpa                                         8062001               424.169,50                 12725,08                 12725,08                 25450,17
3574628        06/06/2007                         Dazdi Nieto                                          8062001               452.212,00                 13566,36                 13566,36                 27132,72
14248234       06/06/2007                         Delia Barrios                                        8062001               331.332,50                  9939,98                  9939,98                 19879,95
4972721        06/06/2007                         Delia J Sanchez M                                    8062001               312.029,50                  9360,89                  9360,89                 18721,77
14923933       06/06/2007                         Deysi Jaramillo                                      8062001               331.332,50                  9939,98                  9939,98                 19879,95
7074897        06/06/2007                         Diana Rodriguez                                      8062001               307.465,00                  9223,95                  9223,95                 18447,90
3390685        06/06/2007                         Diana Zambrano                                       8062001             1.050.000,00                 31500,00                 31500,00                 63000,00
7028418        06/06/2007                         Dilia  Sevilla                                       8062001               491.753,00                 14752,59                 14752,59                 29505,18
7562473        06/06/2007                         Domingo Aguilera                                     8062001               385.000,00                 11550,00                 11550,00                 23100,00
8212576        06/06/2007                         Dubar Medina                                         8062001               303.133,00                  9093,99                  9093,99                 18187,98
7537623        06/06/2007                         Edgar Angulo                                         8062001               332.742,00                  9982,26                  9982,26                 19964,52
12320612       06/06/2007                         Edgar Camejo                                         8062001               550.000,00                 16500,00                 16500,00                 33000,00
11155073       06/06/2007                         Edgar Chacon                                         8062001               424.169,50                 12725,08                 12725,08                 25450,17
17072303       06/06/2007                         Eduardo J Rondon A                                   8062001               356.711,50                 10701,34                 10701,34                 21402,69
11497239       06/06/2007                         Eduardo Ramon                                        8062001               270.000,00                  8100,00                  8100,00                 16200,00
12864593       06/06/2007                         Eduardo Sanchez                                      8062001               375.000,00                 11250,00                 11250,00                 22500,00
8833985        06/06/2007                         Efrain Guevara                                       8062001               750.000,00                 22500,00                 22500,00                 45000,00
8836873        06/06/2007                         Eleazar Contreras                                    8062001               275.000,00                  8250,00                  8250,00                 16500,00
6662770        06/06/2007                         Eleazar Vera                                         8062001               750.000,00                 22500,00                 22500,00                 45000,00
7020280        06/06/2007                         Elena Padron                                         8062001               324.283,00                  9728,49                  9728,49                 19456,98
11802195       06/06/2007                         Elis Nay Zavala                                      8062001               378.768,50                 11363,06                 11363,06                 22726,11
3208946        06/06/2007                         Elix Isabel Sevilla                                  8062001               193.987,00                  5819,61                  5819,61                 11639,22
3595888        06/06/2007                         Elizabeth  Rincon                                    8062001               425.000,00                 12750,00                 12750,00                 25500,00
5785167        06/06/2007                         Eloy Jose  Ocanto                                    8062001               375.000,00                 11250,00                 11250,00                 22500,00
7031957        06/06/2007                         Elsa Salinas                                         8062001               750.000,00                 22500,00                 22500,00                 45000,00
7030760        06/06/2007                         Emilia Martinez                                      8062001               511.558,50                 15346,75                 15346,75                 30693,51
5428495        06/06/2007                         Emilio Augusto Leon                                  8062001               385.000,00                 11550,00                 11550,00                 23100,00
15995095       06/06/2007                         Emilio Gonzalez                                      8062001               424.169,50                 12725,08                 12725,08                 25450,17
11927555       06/06/2007                         Enrique R Seijas B                                   8062001               332.742,00                  9982,26                  9982,26                 19964,52
4873579        06/06/2007                         Enrriqueta J Racamonde R                             8062001               312.029,50                  9360,89                  9360,89                 18721,77
16152993       06/06/2007                         Erick Alvarenga                                      8062001               424.169,50                 12725,08                 12725,08                 25450,17
11812663       06/06/2007                         Erika Rivera                                         8062001               368.958,00                 11068,74                 11068,74                 22137,48
4864124        06/06/2007                         Eulalio Valera                                       8062001               287.000,00                  8610,00                  8610,00                 17220,00
3573325        06/06/2007                         Felipa Gonzalez                                      8062001               275.000,00                  8250,00                  8250,00                 16500,00
7001815        06/06/2007                         Fidel Hernandez                                      8062001             1.050.000,00                 31500,00                 31500,00                 63000,00
14923334       06/06/2007                         Francisco Fernandez                                  8062001               324.283,00                  9728,49                  9728,49                 19456,98
9521411        06/06/2007                         Francisco Maldonado                                  8062001               386.848,50                 11605,46                 11605,46                 23210,91
9052214        06/06/2007                         Franqui Balza                                        8062001               303.133,00                  9093,99                  9093,99                 18187,98
9442415        06/06/2007                         Freddy Ascanio                                       8062001               324.283,00                  9728,49                  9728,49                 19456,98
12106598       06/06/2007                         Frederick Flores                                     8062001               424.169,50                 12725,08                 12725,08                 25450,17
7032787        06/06/2007                         Geisa Soteldo                                        8062001               372.500,00                 11175,00                 11175,00                 22350,00
7076890        06/06/2007                         Genaro Mujica                                        8062001               385.000,00                 11550,00                 11550,00                 23100,00
12430670       06/06/2007                         Genelsi Lopez                                        8062001               294.673,00                  8840,19                  8840,19                 17680,38
8668299        06/06/2007                         Georgina  Rivero                                     8062001               256.162,50                  7684,88                  7684,88                 15369,75
14382452       06/06/2007                         Giomara Fernandez                                    8062001               378.768,50                 11363,06                 11363,06                 22726,11
22012254       06/06/2007                         Gisela Escobar                                       8062001               303.133,00                  9093,99                  9093,99                 18187,98
10737194       06/06/2007                         Glenys Bravo                                         8062001               275.000,00                  8250,00                  8250,00                 16500,00
9195795        06/06/2007                         Gloria Gutierrez                                     8062001               385.000,00                 11550,00                 11550,00                 23100,00
18346432       06/06/2007                         Gloria Sanchez                                       8062001               256.162,50                  7684,88                  7684,88                 15369,75
12525695       06/06/2007                         Greissy M Zerpa Chirinos                             8062001               750.000,00                 22500,00                 22500,00                 45000,00
7232018        06/06/2007                         Guadalupe Morillo                                    8062001               385.000,00                 11550,00                 11550,00                 23100,00
11526118       06/06/2007                         Gustavo Bogado                                       8062001               350.000,00                 10500,00                 10500,00                 21000,00
4134540        06/06/2007                         Hecctor Rios                                         8062001               332.742,00                  9982,26                  9982,26                 19964,52
3248206        06/06/2007                         Hector Aponte                                        8062001               373.000,00                 11190,00                 11190,00                 22380,00
2084371        06/06/2007                         Hector Guedez                                        8062001               750.000,00                 22500,00                 22500,00                 45000,00
7531780        06/06/2007                         Henry Garcia                                         8062001               407.500,00                 12225,00                 12225,00                 24450,00
15218204       06/06/2007                         Heriberto Antonio Ojeda H                            8062001               491.753,00                 14752,59                 14752,59                 29505,18
7044742        06/06/2007                         Herminia Cebrian                                     8062001               372.500,00                 11175,00                 11175,00                 22350,00
13313475       06/06/2007                         Hernain Arias                                        8062001               750.000,00                 22500,00                 22500,00                 45000,00
7546472        06/06/2007                         Hever Bermudez                                       8062001               385.000,00                 11550,00                 11550,00                 23100,00
3286226        06/06/2007                         Hilda Natera                                         8062001               385.000,00                 11550,00                 11550,00                 23100,00
2353993        06/06/2007                         Hilda Zea M                                          8062001               275.000,00                  8250,00                  8250,00                 16500,00
14392391       06/06/2007                         Hildeka Vargas                                       8062001               424.169,50                 12725,08                 12725,08                 25450,17
12110487       06/06/2007                         Ibis Acosta                                          8062001             1.050.000,00                 31500,00                 31500,00                 63000,00
8842326        06/06/2007                         Ilse Medina                                          8062001               303.133,00                  9093,99                  9093,99                 18187,98
9823204        06/06/2007                         Ingrid Arias                                         8062001             1.050.000,00                 31500,00                 31500,00                 63000,00
17615400       06/06/2007                         Ingrid Sevilla                                       8062001               410.000,00                 12300,00                 12300,00                 24600,00
15899845       06/06/2007                         Inocelia Sanchez                                     8062001               424.169,50                 12725,08                 12725,08                 25450,17
12942591       06/06/2007                         Iraima Mujica                                        8062001               385.000,00                 11550,00                 11550,00                 23100,00
5386833        06/06/2007                         Irma Rios                                            8062001               750.000,00                 22500,00                 22500,00                 45000,00
13890435       06/06/2007                         Isaac Bolivar                                        8062001               750.000,00                 22500,00                 22500,00                 45000,00
14313500       06/06/2007                         Isaac Escobar                                        8062001               356.711,50                 10701,34                 10701,34                 21402,69
11151904       06/06/2007                         Isidro Moya                                          8062001               750.000,00                 22500,00                 22500,00                 45000,00
13193111       06/06/2007                         Jean Franco Colavita                                 8062001               356.711,50                  3567,11                  3567,11                  7134,23
7055026        06/06/2007                         Jeny Romero                                          8062001               385.000,00                 11550,00                 11550,00                 23100,00
16579688       06/06/2007                         Jesus Cardozo                                        8062001               290.000,00                  8700,00                  8700,00                 17400,00
4207502        06/06/2007                         Jesus Ramirez                                        8062001               410.000,00                 12300,00                 12300,00                 24600,00
14383828       06/06/2007                         Jhasmine Dominguez                                   8062001               750.000,00                 22500,00                 22500,00                 45000,00
17065238       06/06/2007                         Jhoan Lopez                                          8062001               272.500,00                  8175,00                  8175,00                 16350,00
16052459       06/06/2007                         Jhonatan  Gomez                                      8062001               332.742,00                  9982,26                  9982,26                 19964,52
4868280        06/06/2007                         Jose A Morillo Lizardo                               8062001             1.050.000,00                 31500,00                 31500,00                 63000,00
4473984        06/06/2007                         Jose Arellano                                        8062001               324.283,00                  9728,49                  9728,49                 19456,98
9530490        06/06/2007                         Jose Calderon                                        8062001               324.283,00                  9728,49                  9728,49                 19456,98
7076632        06/06/2007                         Josefina Aguirre O                                   8062001               312.029,50                  9360,89                  9360,89                 18721,77
3286813        06/06/2007                         Jose Garcia                                          8062001               324.283,00                  9728,49                  9728,49                 19456,98
12103467       06/06/2007                         Jose Guevara                                         8062001               324.283,00                  9728,49                  9728,49                 19456,98
15190894       06/06/2007                         Jose Guzman                                          8062001               750.000,00                 22500,00                 22500,00                 45000,00
7032272        06/06/2007                         Jose Lovera                                          8062001               332.742,00                  9982,26                  9982,26                 19964,52
8835150        06/06/2007                         Jose Luis Izquierdo                                  8062001               452.212,00                 13566,36                 13566,36                 27132,72
7020548        06/06/2007                         Jose Luis Martinez                                   8062001               324.283,00                  9728,49                  9728,49                 19456,98
7049113        06/06/2007                         Jose Luis Rea                                        8062001               324.283,00                  9728,49                  9728,49                 19456,98
7060617        06/06/2007                         Jose Manuel Rojas                                    8062001               332.742,00                  9982,26                  9982,26                 19964,52
12089777       06/06/2007                         Jose Rojas                                           8062001               407.500,00                 12225,00                 12225,00                 24450,00
12036334       06/06/2007                         Jose Soto                                            8062001               356.711,50                 10701,34                 10701,34                 21402,69
4685266        06/06/2007                         Jose  Veliz                                          8062001               405.000,00                 12150,00                 12150,00                 24300,00
10731790       06/06/2007                         Juan Hernandez                                       8062001               750.000,00                 22500,00                 22500,00                 45000,00
15898479       06/06/2007                         Juan Lugo                                            8062001               290.000,00                  8700,00                  8700,00                 17400,00
12522686       06/06/2007                         Juan Martinez                                        8062001               270.000,00                  8100,00                  8100,00                 16200,00
3494113        06/06/2007                         Juan Ramon  Rios                                     8062001               373.000,00                 11190,00                 11190,00                 22380,00
13517818       06/06/2007                         Juan Tesara                                          8062001               424.169,50                 12725,08                 12725,08                 25450,17
13046227       06/06/2007                         Juan Yepez                                           8062001               390.000,00                 11700,00                 11700,00                 23400,00
8491750        06/06/2007                         Judith Romero                                        8062001               256.162,50                  7684,88                  7684,88                 15369,75
14393471       06/06/2007                         Julio Martinez                                       8062001               385.000,00                 11550,00                 11550,00                 23100,00
9825558        06/06/2007                         Julio  Parra                                         8062001               275.000,00                  8250,00                  8250,00                 16500,00
7047221        06/06/2007                         Julio Petit                                          8062001               375.000,00                 11250,00                 11250,00                 22500,00
11362204       06/06/2007                         Karina Mendez                                        8062001               506.387,50                 15191,63                 15191,63                 30383,25
16447560       06/06/2007                         Laura Gutierez                                       8062001               405.000,00                 12150,00                 12150,00                 24300,00
15419415       06/06/2007                         Leida Quero                                          8062001               271.176,00                  8135,28                  8135,28                 16270,56
15190353       06/06/2007                         Leidy Lozada                                         8062001               256.162,50                  7684,88                  7684,88                 15369,75
7783669        06/06/2007                         Lenis Vargas                                         8062001               256.162,50                  7684,88                  7684,88                 15369,75
7078573        06/06/2007                         Leonardo B Rios P                                    8062001             1.050.000,00                 31500,00                 31500,00                 63000,00
10976693       06/06/2007                         Libia Flores                                         8062001               307.465,00                  9223,95                  9223,95                 18447,90
7047829        06/06/2007                         Lidia Silva                                          8062001               312.029,50                  9360,89                  9360,89                 18721,77
9823205        06/06/2007                         Liliana Arias                                        8062001               331.332,50                  9939,98                  9939,98                 19879,95
11812496       06/06/2007                         Liliana Hurtado                                      8062001               272.500,00                  8175,00                  8175,00                 16350,00
12521364       06/06/2007                         Lilian Garcia C                                      8062001               193.987,00                  5819,61                  5819,61                 11639,22
14820938       06/06/2007                         Lipzy Colmenares                                     8062001               301.723,00                  9051,69                  9051,69                 18103,38
11351878       06/06/2007                         Liritze Aular                                        8062001               331.332,50                  9939,98                  9939,98                 19879,95
12110539       06/06/2007                         Lisandro Briceño                                    8062001               332.742,00                  9982,26                  9982,26                 19964,52
11362954       06/06/2007                         Lisbeth Berra                                        8062001               385.000,00                 11550,00                 11550,00                 23100,00
4053199        06/06/2007                         Lucia Carvajal                                       8062001               275.000,00                  8250,00                  8250,00                 16500,00
11962456       06/06/2007                         Luisana Rosa Medina M                                8062001               253.066,00                  7591,98                  7591,98                 15183,96
4137615        06/06/2007                         Luis Arocha                                          8062001               256.162,50                  7684,88                  7684,88                 15369,75
14463070       06/06/2007                         Luisber Medina                                       8062001               410.000,00                 12300,00                 12300,00                 24600,00
9825904        06/06/2007                         Luis Cabrera                                         8062001               385.000,00                 11550,00                 11550,00                 23100,00
12311557       06/06/2007                         Luis Castillo                                        8062001               750.000,00                 22500,00                 22500,00                 45000,00
4456592        06/06/2007                         Luis Leon                                            8062001               390.000,00                 11700,00                 11700,00                 23400,00
10733128       06/06/2007                         Luis Lozada                                          8062001               324.283,00                  9728,49                  9728,49                 19456,98
14069477       06/06/2007                         Luis Pinto                                           8062001               332.742,00                  9982,26                  9982,26                 19964,52
17449078       06/06/2007                         Luis Reyes                                           8062001               424.169,50                 12725,08                 12725,08                 25450,17
13961254       06/06/2007                         Luis R Oviedo                                        8062001               373.000,00                 11190,00                 11190,00                 22380,00
7072115        06/06/2007                         Luis Torres                                          8062001               324.283,00                  9728,49                  9728,49                 19456,98
11525128       06/06/2007                         Luz marina Rivas                                     8062001               430.000,00                 12900,00                 12900,00                 25800,00
8844539        06/06/2007                         Maite Garcia                                         8062001               386.848,50                 11605,46                 11605,46                 23210,91
7000978        06/06/2007                         Manuel  Caraballo                                    8062001               407.500,00                 12225,00                 12225,00                 24450,00
12030394       06/06/2007                         Manuel Guevara                                       8062001               425.000,00                  6800,00                  6800,00                 13600,00
7336494        06/06/2007                         Manuel Serrano                                       8062001               407.500,00                 12225,00                 12225,00                 24450,00
3054502        06/06/2007                         Maria Acevedo                                        8062001               303.133,00                  9093,99                  9093,99                 18187,98
8103141        06/06/2007                         Maria Castillo                                       8062001               425.000,00                 12750,00                 12750,00                 25500,00
12521676       06/06/2007                         Maria E Garcia                                       8062001               256.162,50                  7684,88                  7684,88                 15369,75
8830180        06/06/2007                         Maria Gonzalez                                       8062001               372.500,00                 11175,00                 11175,00                 22350,00
4755409        06/06/2007                         Maria Herrera                                        8062001               275.000,00                  8250,00                  8250,00                 16500,00
10233363       06/06/2007                         Maria M Gonzalez                                     8062001               750.000,00                 22500,00                 22500,00                 45000,00
8831168        06/06/2007                         Marianela Garcia                                     8062001               750.000,00                 22500,00                 22500,00                 45000,00
14465690       06/06/2007                         Maria Perez                                          8062001               750.000,00                 22500,00                 22500,00                 45000,00
12524928       06/06/2007                         Maria Perez                                          8062001               256.162,50                  7684,88                  7684,88                 15369,75
7256280        06/06/2007                         Maria Pujol                                          8062001               286.000,00                  8580,00                  8580,00                 17160,00
5459798        06/06/2007                         Maribel Cordido                                      8062001               550.000,00                 16500,00                 16500,00                 33000,00
13602684       06/06/2007                         Mariela Jurado Luque                                 8062001               424.169,50                 12725,08                 12725,08                 25450,17
13900841       06/06/2007                         Marielly Gonzalez                                    8062001               424.169,50                 12725,08                 12725,08                 25450,17
14393557       06/06/2007                         Mario Sanchez                                        8062001               477.330,50                 14319,92                 14319,92                 28639,83
4868608        06/06/2007                         Marisol Pulido                                       8062001               193.987,00                  5819,61                  5819,61                 11639,22
8669316        06/06/2007                         Maritza Barrios                                      8062001               378.768,50                 12120,59                 12120,59                 24241,18
9830953        06/06/2007                         Marlene Almao                                        8062001               750.000,00                 22500,00                 22500,00                 45000,00
6120732        06/06/2007                         Mary Millan                                          8062001               385.000,00                 11550,00                 11550,00                 23100,00
15835600       06/06/2007                         Mauro Garcia                                         8062001               390.000,00                 11700,00                 11700,00                 23400,00
2831841        06/06/2007                         Mercedes De Cardenas                                 8062001               425.000,00                 12750,00                 12750,00                 25500,00
12034546       06/06/2007                         Migdalia Diaz                                        8062001               506.387,50                 15191,63                 15191,63                 30383,25
4865887        06/06/2007                         Miguel A Sandoval M                                  8062001             1.050.000,00                 31500,00                 31500,00                 63000,00
12316022       06/06/2007                         Miguel Rivero                                        8062001               366.000,00                 10980,00                 10980,00                 21960,00
16775715       06/06/2007                         Milagros Colmenarez                                  8062001               424.169,50                 12725,08                 12725,08                 25450,17
13469178       06/06/2007                         Milagros Escalona                                    8062001               331.332,50                  9939,98                  9939,98                 19879,95
10538511       06/06/2007                         Milagros Zapata                                      8062001               256.162,50                  7684,88                  7684,88                 15369,75
10232379       06/06/2007                         Milvia Mora                                          8062001               370.000,00                 11100,00                 11100,00                 22200,00
11152560       06/06/2007                         Mirtha Briceño                                      8062001               750.000,00                 22500,00                 22500,00                 45000,00
11063029       06/06/2007                         Monica Gallo                                         8062001               750.000,00                 22500,00                 22500,00                 45000,00
13818839       06/06/2007                         Monica N Llovera                                     8062001               477.330,50                 14319,92                 14319,92                 28639,83
15861182       06/06/2007                         Nancy Granadillo                                     8062001               271.176,00                  8135,28                  8135,28                 16270,56
12522463       06/06/2007                         Nancy  Perez                                         8062001             1.050.000,00                 31500,00                 31500,00                 63000,00
11156548       06/06/2007                         Nancy Rivas                                          8062001               331.332,50                  9939,98                  9939,98                 19879,95
4173719        06/06/2007                         Negza Valles                                         8062001               425.000,00                 12750,00                 12750,00                 25500,00
7012304        06/06/2007                         Nelida Bargiela                                      8062001             1.050.000,00                 31500,00                 31500,00                 63000,00
9814444        06/06/2007                         Nellys Rivas                                         8062001               256.162,50                  7684,88                  7684,88                 15369,75
13556363       06/06/2007                         Nelsi Rivero                                         8062001               407.500,00                 12225,00                 12225,00                 24450,00
7123782        06/06/2007                         Nestor Gomez                                         8062001               324.283,00                  9728,49                  9728,49                 19456,98
18782145       06/06/2007                         Nestor Hernandez                                     8062001               256.162,50                  7684,88                  7684,88                 15369,75
12103896       06/06/2007                         Nestor Jose  Alvarez Garcia                          8062001               332.742,00                  9982,26                  9982,26                 19964,52
9823040        06/06/2007                         Nestor Palacios                                      8062001               324.283,00                  9728,49                  9728,49                 19456,98
14752317       06/06/2007                         Nestor Uzcategui                                     8062001               290.000,00                  8700,00                  8700,00                 17400,00
22012369       06/06/2007                         Nicolas Ortega                                       8062001               324.283,00                  9728,49                  9728,49                 19456,98
14185415       06/06/2007                         Niwman Gutierrez                                     8062001               256.162,50                  7684,88                  7684,88                 15369,75
12522826       06/06/2007                         Noherdy Tovar                                        8062001               424.169,50                 12725,08                 12725,08                 25450,17
4129668        06/06/2007                         Noria Natera                                         8062001               275.000,00                  8250,00                  8250,00                 16500,00
3953650        06/06/2007                         Olga Maramara                                        8062001               333.500,00                 10005,00                 10005,00                 20010,00
4129000        06/06/2007                         Omar Brito                                           8062001               332.742,00                  9982,26                  9982,26                 19964,52
3920831        06/06/2007                         Omar Rodriguez                                       8062001               424.169,50                 12725,08                 12725,08                 25450,17
4555072        06/06/2007                         Omar Stapleton                                       8062001               750.000,00                 22500,00                 22500,00                 45000,00
14924441       06/06/2007                         Omar Torrealba                                       8062001               407.500,00                 12225,00                 12225,00                 24450,00
6154826        06/06/2007                         Orlando Hernadez                                     8062001               303.133,00                  9093,99                  9093,99                 18187,98
5382278        06/06/2007                         Orlando Jesus Leon                                   8062001               385.000,00                 11550,00                 11550,00                 23100,00
10232839       06/06/2007                         Oscar Martinez                                       8062001               295.000,00                  8850,00                  8850,00                 17700,00
12314610       06/06/2007                         Oswaldo Correa                                       8062001               407.500,00                 12225,00                 12225,00                 24450,00
10263125       06/06/2007                         Pablo Carrillo                                       8062001               332.742,00                  9982,26                  9982,26                 19964,52
5553317        06/06/2007                         Pablo Fuenmayor                                      8062001             1.050.000,00                 31500,00                 31500,00                 63000,00
8841783        06/06/2007                         Pedro Guevara                                        8062001               425.000,00                 12750,00                 12750,00                 25500,00
7027802        06/06/2007                         Pedro Mayorca                                        8062001               385.000,00                 11550,00                 11550,00                 23100,00
3284083        06/06/2007                         Pedro Robles                                         8062001               324.283,00                  9728,49                  9728,49                 19456,98
3570198        06/06/2007                         Pedro Torres                                         8062001               324.283,00                  9728,49                  9728,49                 19456,98
10731632       06/06/2007                         Peter Y Robles H                                     8062001               430.000,00                 12900,00                 12900,00                 25800,00
11529899       06/06/2007                         Rafael Blanco                                        8062001               332.742,00                  9982,26                  9982,26                 19964,52
7007887        06/06/2007                         Rafael Perez                                         8062001               385.000,00                 11550,00                 11550,00                 23100,00
4355209        06/06/2007                         Rafael Romero                                        8062001             1.200.000,00                 36000,00                 36000,00                 72000,00
3290400        06/06/2007                         Rafael Vargas                                        8062001               285.000,00                  8550,00                  8550,00                 17100,00
5211794        06/06/2007                         Rafael Z Andrades C                                  8062001               329.682,00                  9890,46                  9890,46                 19780,92
16785487       06/06/2007                         Raiber Diaz                                          8062001               407.500,00                 12225,00                 12225,00                 24450,00
11523811       06/06/2007                         Raiza Castillo                                       8062001               750.000,00                 22500,00                 22500,00                 45000,00
12751707       06/06/2007                         Ramon Mercado                                        8062001               356.711,50                 10701,34                 10701,34                 21402,69
7056761        06/06/2007                         Ramon Ramonis                                        8062001               332.742,00                  9982,26                  9982,26                 19964,52
4457666        06/06/2007                         Raul A Conde P                                       8062001               407.500,00                 12225,00                 12225,00                 24450,00
11807704       06/06/2007                         Raul Navarro                                         8062001               750.000,00                 22500,00                 22500,00                 45000,00
7030566        06/06/2007                         Reinaldo Martinez                                    8062001               256.162,50                  7684,88                  7684,88                 15369,75
11528215       06/06/2007                         Richard Brizuela                                     8062001               324.283,00                  9728,49                  9728,49                 19456,98
12525850       06/06/2007                         Richard Melendez                                     8062001               356.711,50                 10701,34                 10701,34                 21402,69
4129752        06/06/2007                         Rioselina Zea                                        8062001               256.162,50                  7684,88                  7684,88                 15369,75
11814028       06/06/2007                         Roberto Franco                                       8062001               332.742,00                  9982,26                  9982,26                 19964,52
10731852       06/06/2007                         Robert Rodriguez                                     8062001               750.000,00                 22500,00                 22500,00                 45000,00
14923412       06/06/2007                         Rodny Gutierrez                                      8062001               750.000,00                 22500,00                 22500,00                 45000,00
11203120       06/06/2007                         Rodolfo Rodriguez                                    8062001               407.500,00                 12225,00                 12225,00                 24450,00
12671546       06/06/2007                         Rosa Guevara                                         8062001               270.000,00                  8100,00                  8100,00                 16200,00
3979585        06/06/2007                         Rosalba Pantaleon                                    8062001               275.000,00                  8250,00                  8250,00                 16500,00
13508647       06/06/2007                         Roselly Briceño                                     8062001               366.000,00                 10980,00                 10980,00                 21960,00
11238319       06/06/2007                         Ruben Guerrero                                       8062001               332.742,00                  9982,26                  9982,26                 19964,52
14251322       06/06/2007                         Ruben Jose Medina                                    8062001               287.000,00                  8610,00                  8610,00                 17220,00
7008814        06/06/2007                         Ruben Vidarte                                        8062001               385.000,00                 11550,00                 11550,00                 23100,00
15994346       06/06/2007                         Ruben Viscaya                                        8062001               407.500,00                 12225,00                 12225,00                 24450,00
8641173        06/06/2007                         Sergio Malave                                        8062001             1.750.000,00                 52500,00                 52500,00                105000,00
10521297       06/06/2007                         Soraya Torres                                        8062001               270.000,00                  8100,00                  8100,00                 16200,00
13323226       06/06/2007                         Sugey Carache                                        8062001               331.332,50                  9939,98                  9939,98                 19879,95
10269739       06/06/2007                         Teresa Mirabal                                       8062001               506.387,50                 15191,63                 15191,63                 30383,25
9045548        06/06/2007                         Tereso Juarez                                        8062001               275.000,00                  8250,00                  8250,00                 16500,00
1340202        06/06/2007                         Trosell Santana                                      8062001               324.283,00                  9728,49                  9728,49                 19456,98
5378544        06/06/2007                         Vicente Oliveros                                     8062001               407.500,00                 12225,00                 12225,00                 24450,00
3051204        06/06/2007                         Victor Ayala                                         8062001               452.212,00                 13566,36                 13566,36                 27132,72
4464325        06/06/2007                         Victoriano Hurtado                                   8062001               324.283,00                  9728,49                  9728,49                 19456,98
7063395        06/06/2007                         Vilma A Hernandez                                    8062001               331.332,50                  9939,98                  9939,98                 19879,95
16548905       06/06/2007                         Williams J Uzcanga                                   8062001               375.000,00                 11250,00                 11250,00                 22500,00
4858742        06/06/2007                         Williams  Sevilla                                    8062001               256.162,50                  7684,88                  7684,88                 15369,75
3601931        06/06/2007                         Willians Salazar                                     8062001               390.000,00                 11700,00                 11700,00                 23400,00
14819892       06/06/2007                         Yelitza Corro                                        8062001               272.500,00                  8175,00                  8175,00                 16350,00
16051763       06/06/2007                         Yenifer Bordones                                     8062001               372.500,00                 11175,00                 11175,00                 22350,00
14821177       06/06/2007                         Yesenia Lugo                                         8062001               750.000,00                 22500,00                 22500,00                 45000,00
9829650        06/06/2007                         Yexis Gainza                                         8062001               425.000,00                 12750,00                 12750,00                 25500,00
14393630       06/06/2007                         Yirme Corrales                                       8062001               324.283,00                  9728,49                  9728,49                 19456,98
13324758       06/06/2007                         Yismelis Parra                                       8062001               424.169,50                 12725,08                 12725,08                 25450,17
16133406       06/06/2007                         Yoanny Jose Ocando                                   8062001               256.162,50                  7684,88                  7684,88                 15369,75
15299487       06/06/2007                         Yorlenis Mendez                                      8062001               378.768,50                 11363,06                 11363,06                 22726,11
14714447       06/06/2007                         Yorman Velasquez                                     8062001               381.000,00                 11430,00                 11430,00                 22860,00
4708664        06/06/2007                         Yraide R Jimenez                                     8062001               386.848,50                 11605,46                 11605,46                 23210,91
4450966        06/06/2007                         Yrma  Marquez                                        8062001               256.162,50                  7684,88                  7684,88                 15369,75
12774094       06/06/2007                         Ysbel Moreno                                         8062001               275.000,00                  8250,00                  8250,00                 16500,00
14024122       06/06/2007                         Yuletzi J Leon V                                     8062001               430.000,00                 12900,00                 12900,00                 25800,00
15994543       06/06/2007                         Yurima Galindo                                       8062001               550.000,00                 16500,00                 16500,00                 33000,00
17679282       06/06/2007                         Yusmelly Carmona                                     8062001               271.176,00                  8135,28                  8135,28                 16270,56
7115794        06/06/2007                         Yusnelly L Medina                                    8062001               193.987,00                  5819,61                  5819,61                 11639,22
8034135        06/06/2007                         Zaida Diaz                                           8062001               378.768,50                 11363,06                 11363,06                 22726,11
7002072        06/06/2007                         Zaida Muñoz                                         8062001             1.050.000,00                 31500,00                 31500,00                 63000,00
14549616       06/06/2007                         Zaimar Rodriguez                                     8062001               331.332,50                  9939,98                  9939,98                 19879,95
10731840       06/06/2007                         Zobeida Guzman                                       8062001               301.723,00                  9051,69                  9051,69                 18103,38
15008510       06/06/2007                         Zorangel Gonzalez                                    8062001               378.768,50                 11363,06                 11363,06                 22726,11
17990868       06/06/2007                         Zorangel Reyes                                       8062001               271.176,00                  8135,28                  8135,28                 16270,56
4506227        06/06/2007                         Zulenma Solorzano                                    8062001               750.000,00                 22500,00                 22500,00                 45000,00

                                                                                                                     4116108,43               4116108,43                8232216,85
